N=10, nDCG=0.000212577410233, MAP=0.000211855754309
N=20, nDCG=0.000212577410233, MAP=0.000211855754309
N=50, nDCG=0.000540853094893, MAP=0.000211855754309
