N=10, P=3.3692722372e-05, R=0.000401123144805, F=6.21639262736e-05
N=20, P=1.6846361186e-05, R=0.000401123144805, F=3.23347291158e-05
N=50, P=3.3692722372e-05, R=0.00150421179302, F=6.59091508265e-05
